Itemset: [1868208015836975104 1868208022120042496 1868208016956854272 1868208021310541824 1868208014473826304 1868208015023280128 1868208017497919488 1868208018588438528 1868208016399011840], Utility: 139710000.00
Itemset: [1868208018588438528 1868208022120042496 1868208015836975104 1868208016956854272 1868208021310541824 1868208016399011840 1868208015023280128 1868208017497919488], Utility: 128360000.00
Itemset: [1868208016956854272 1868208015836975104 1868208021310541824 1868208014473826304 1868208015023280128 1868208017497919488 1868208018588438528 1868208016399011840], Utility: 127730000.00
Itemset: [1868208016956854272 1868208022120042496 1868208014473826304 1868208016399011840 1868208015836975104 1868208015023280128 1868208017497919488 1868208018588438528], Utility: 137130000.00
Itemset: [1868208017497919488 1868208018588438528 1868208015836975104 1868208016399011840 1868208016956854272 1868208022120042496 1868208015023280128], Utility: 125780000.00
Itemset: [1868208015836975104 1868208018588438528 1868208014473826304 1868208016956854272 1868208015023280128 1868208017497919488 1868208016399011840], Utility: 125150000.00
Itemset: [1868208016956854272 1868208015023280128 1868208017497919488 1868208022120042496 1868208014473826304 1868208016399011840 1868208015836975104], Utility: 124430000.00
Itemset: [1868208022120042496 1868208014473826304 1868208015023280128 1868208018588438528 1868208016956854272 1868208016399011840 1868208015836975104], Utility: 124430000.00
Itemset: [1868208015023280128 1868208017497919488 1868208018588438528 1868208016399011840 1868208015836975104 1868208021310541824 1868208022120042496 1868208014473826304], Utility: 139310000.00
Itemset: [1868208018588438528 1868208021310541824 1868208016399011840 1868208015836975104 1868208022120042496 1868208015023280128 1868208017497919488], Utility: 127960000.00
Itemset: [1868208018588438528 1868208021310541824 1868208014473826304 1868208015023280128 1868208017497919488 1868208016399011840 1868208015836975104], Utility: 127330000.00
Itemset: [1868208015023280128 1868208017497919488 1868208022120042496 1868208018588438528 1868208014473826304 1868208015836975104 1868208016399011840], Utility: 136730000.00
Itemset: [1868208015023280128 1868208017497919488 1868208022120042496 1868208016399011840 1868208015836975104 1868208018588438528], Utility: 125380000.00
Itemset: [1868208016399011840 1868208015836975104 1868208018588438528 1868208015023280128 1868208017497919488 1868208014473826304], Utility: 124750000.00
Itemset: [1868208017497919488 1868208022120042496 1868208014473826304 1868208016399011840 1868208015836975104 1868208015023280128], Utility: 124030000.00
Itemset: [1868208022120042496 1868208018588438528 1868208014473826304 1868208015023280128 1868208016399011840 1868208015836975104], Utility: 124030000.00
Itemset: [1868208014746456064 1868208016113799168], Utility: 122100000.00
Itemset: [1868208016113799168], Utility: 185600000.00
