1868208014746456064 1868208016113799168:40700000.00:17500000.00 23200000.00 
1868208016113799168:69600000.00:69600000.00 
1868208014746456064 1868208015023280128:53340000.00:17500000.00 35840000.00 
1868208014746456064 1868208016113799168 1868208016113799169:63110000.00:17500000.00 23200000.00 22410000.00 
1868208014746456064 1868208013932761088 1868208013932761089 1868208015836975104 1868208015836975105:94690000.00:17500000.00 14690000.00 14500000.00 24500000.00 23500000.00 
1868208018861068288 1868208018861068289 1868208022388477952 1868208016956854272 1868208020224217088:13480000.00:4280000.00 1260000.00 3640000.00 400000.00 3900000.00 
1868208014473826304 1868208016113799168 1868208018588438528 1868208019959975936 1868208017497919488:84000000.00:22700000.00 23200000.00 12700000.00 12700000.00 12700000.00 
1868208013932761088 1868208016680030208 1868208019683151872 1868208020782059520 1868208020509429760 1868208020224217088 1868208017229484032:71705000.00:14690000.00 6215000.00 4400000.00 25900000.00 12700000.00 3900000.00 3900000.00 
1868208022120042496 1868208016113799168 1868208020224217088 1868208014746456064 1868208019683151872 1868208022665302016 1868208021310541824 1868208020782059520 1868208021583171584 1868208016399011840:116610290.00:5990000.00 23200000.00 3900000.00 17500000.00 8800000.00 -179710.00 2580000.00 25900000.00 1260000.00 27660000.00 
1868208014473826304 1868208015023280128 1868208015836975104 1868208022120042496 1868208021310541824 1868208016399011840 1868208016956854272 1868208017497919488 1868208018588438528:139710000.00:11350000.00 35840000.00 24500000.00 11980000.00 2580000.00 27660000.00 400000.00 12700000.00 12700000.00 
1868208014473826304 1868208015836975104 1868208015564345344 1868208019683151872 1868208021583171584 1868208020782059520 1868208017229484032 1868208018861068288:98850000.00:11350000.00 24500000.00 23260000.00 4400000.00 1260000.00 25900000.00 3900000.00 4280000.00 
1868208016399011840 1868208015564345344 1868208016113799168 1868208018043179008 1868208020509429760 1868208018320003072:89016000.00:27660000.00 23260000.00 23200000.00 -324000.00 12700000.00 2520000.00 
1869657706244083712 1868208017766354944 1868208018588438528:4136000.00:-8240000.00 -324000.00 12700000.00 
1869734529271336960 1868208018861068288:1940000.00:-200000.00 2140000.00 
1869926765246287872 1868208014473826304:14600000.00:100000.00 14500000.00 
1869926765246287872 1868208015836975104:24490000.00:-10000.00 24500000.00 
1868208020509429760:12700000.00:12700000.00 
